19
23
24
86
87
88
91
92
93
97
99
100
101
107
117
118
119
124
125
129 google
130 google
131 google
132 google
144
145
150
151
152
153
155
161
162
163
164
165
166
168
173
210
233
234
247
253
276
277
278
280
281
282
283
284
285
286
287
288
300
326
352
356
357
358
359
363
366
373 google
375
388
391
416 google
417 google
456
462
472
473
490
498
505
507
509
512
517
518
519
524
561
575 google
595
639
641
642
667
714
715
718
728
733
797
903
925
928
929
931
932
936
937
942
947
948
949
950
952
956
959
962
963
964
973
975
976
979
980
984
988
989
991
993
996
998
999
1000
1002
1007
1011
1013
1015
1024
1025
1037
1041
1042
1056
1057
1062
1077
1078
1079
1080
1090
1096
1110
1111
1144
1145
1154
1169
1174
1194
1201
1204
1217
1221
1255
1276
1307
1357 google
1399
1428
1429
1458
1459
1474
1475
1476
1477
1480
1481
1483
1490
1491
1496
1497
1504
1506
1511
1518
1522
1524
1525
1526
1532
1535
1566
1571
1575
1581
1582
1592
1593
1613
1614
1619
1620
1634
1695
1699
1715
1742 google
1852
1855
1904
1924
1946
1993
2040
2045
2050
2057
2081
2212
2239
2240
2256
2298
2301
2306
2307
2322
2323
2334
2371
2379
2380
2381
2382
2640
2666
2694
2709
2710
2711
2713
2715
2716
2718
2725
2727
2728
2730
2734
2738
2742
2743
2744
2745
2747
2749
2755
2759
2760
2763
2766
2767
2770
2771
2775
2777
2779
2783
2785
2786
2787
2792
2793
2832
2833
2834
2835
2838
2839
2840
2844
2846
2849
2856
2858
2862
2864
2865
2866
2867
2868
2872
2874
2875
2885
2886
2891
2893
2894
2895
2896
2900
2901
2906
2916
2917
2927
2929
2932
2935
2936
2937
2940
2941
2945
2946
2948
2949
2963
2964
2966
2968
2971
2973
2978
2979
2981
2983
2988
2990
2992
2994
3003
3032
3039
3087
3100
3108
3110
3118
3119
3123
3130
3141
3142
3143
3144
3179
3196
3269
3298
3299
3308
3309
3310
3312
3317
3319
3320
3324
3325
3328
3333
3334
3336
3351
3352
3356
3359
3434
3435
3446
3447
3449
3450
3451
3464
3489
3490
3522
3523
3524
3533
3540
3552
3553
3562
3564
3565
3595
3596
3597
3609
3619
3620
3641
3642
3650
3651
3652
3684
3690
3711
3719
3724
3726
3727
3730
3731
3732
3733
3734
3739
3741
3742
3747
3748
3757
3760
3761
3856
3859
3864
3865
3869
3870
3873
3874
3875
3878
3879
3883
3884
3889
3892
3893
3895
3898
3900
3904
3905
3906
3910
3911
3913
3918
3919
3920
3925
3926
3929
3930
3935
3936
3938
3942
3943
3945
3946
3949
3954
3955
3956
3957
3960
3962
3963
3967
3968
3969
3975
3976
3989
3993
4025
4026
4035
4036
4040
4042
4045
4048
4049
4050
4052
4056
4057
4059
4060
4063
4064
4067
4068
4069
4071
4075
4077
4176
4180
4181
4182
4183
4184
4185
4188
4189
4191
4206
4211
4229
4252
4271
4272
4300
4306
4312
4329
4342
4343
4345
4391
4393
4400
4401
4469
4472
4483
4484
4485
4486
4487
4488
4490
4511
4512
4518
4525
4553
4554
4555
4570
4579
4604
4610
4619
4621
4630
4653
4659
4702
4759
4776
4778
4788
4806
4816
4823
4846
4848
4851
4857
4864
4875
4890
4912
4914
4987
4994
5000
5001
5002
5011
5012
5020
5049
5052
5053
5066
5067
5073
5116
5139
5141
5154
5155
5156
5165
5166
5167
5173
5185
5188
5199
5227
5228
5301
5314
5315
5329
5330
5332
5339
5346
5347
5348
5350
5351
5352
5353
5356
5357
5358
5359
5360
5362
5363
5416
5428
5430
5433
5489
5514
5521
5524
5541
5543
5544
5549
5550
5576
5580
5596
5619
5635
5637
5638
5641
5642
5643
5644
5645
5685
5717
5718
5804
5805
5810
5812
5827
5828
5838
5854
5860
5861
5903
5905
5908
5928
5929
5931
5932
5933
5934
5943
5944
5951
5952
5954
5958
5959
5961
5974
5981
5985
5986
5988
5989
6056
6059
6060
6067
6078
6082
6093
6094
6098
6101
6102
6106
6126
6127
6137
6140
6141
6146
6147
6176
6230
6262
6264
6269
6270
6289
6321
6323
6327
6328
6329
6340
6351
6374
6375
6376
6377
6380
6385
6399
6402
6403
6407
6414
6417
6418
6422
6425
6426
6454
6461
6470
6471
6491
6492
6496
6517
6519
6550
6551
6552
6553
6554
6555
6556
6557
6558
6559
6560
6561
6562
6563
6564
6565
6566
6567
6568
6569
6570
6571
6572
6573
6574
6575
6576
6577
6578
6579
6580
6581
6583
6584
6585
6586
6587
6588
6589
6590
6591
6592
6593
6594
6595
6596
6597
6598
6599
6600
6601
6602
6603
6604
6605
6606
6607
6608
6609
6610
6611
6612
6613
6614
6615
6616
6617
6618
6619
6620
6621
6622
6623
6624
6625
6626
6627
6628
6629
6630
6637
6648
6653
6656
6657
6659
6664
6704
6706
6714
6732
6749
6763
6779
6784
6789
6799
6809
6810
6811
6813
6821
6822
6832
6847
6848
6890
6891
6894
6898
6917
6918
6920
6922
6923
6924
6925
6927
6928
6945
6946
6949
6956
6968
6973
6978
6979
6982
6983
6984
6985
6986
6988
6989
6993
6995
6998
7006
7007
7008
7009
7030
7031
7035
7041
7043
7047
7075
7177
7181
7182
7183
7184
7185
7186
7187
7210
7212
7213
7224
7225
7231
7248
7254
7257
7280
7347
7348
7349
7351
7352
7353
7354
7355
7356
7357
7358
7359
7360
7363
7364
7368
7369
7370
7371
7372
7376
7394
7401
7412
7429
7432
7436
7444
7448
7449
7451
7452
7453
7463
7478
7491
7492
7493
7499
7523
7537
7544
7553
7573
7581
7612
7616
7629
7633
7637
7641
7642
7643
7644
7645
7653
7654
7655
7658
7666
7667
7668
7669
7670
7671
7672
7673
7675
7676
7687
7692
7702
7703
7706
7711
7714
7725
7726
7727
7728
7729
7730
7732
7737
7775
7776
7779
7787
7791
7792
7793
7804
7819
7820
7822
7834
7847
7859
7864
7878
7880
7896
7897
7903
7904
7905
7906
7907
7908
7909
7910
7911
7912
7913
7914
7915
7916
7918
7919
7920
7923
7935
7941
7942
7943
7944
7946
7955
7958
7961
7976
7977
7978
7979
7987
7989
7991
8017
8049
8062
8073
8074
8075
8076
8077
8078
8079
8080
8081
8082
8083
8084
8085
8086
8089
8093
8102
8104
8106
8142
8144
8145
8146
8148
8149
8150
8151
8152
8153
8154
8155
8156
8157
8158
8168
8169
8172
8173
8174
8175
8176
8177
8178
8179
8180
8181
8182
8183
8184
8185
8186
8187
8188
8189
8190
8191
8192
8193
8194
8195
8196
8197
8198
8199
8200
8201
8202
8203
8204
8205
8206
8207
8208
8209
8210
8211
8212
8213
8214
8215
8216
8217
8218
8219
8220
8221
8222
8224
8225
8226
8227
8228
8229
8230
8231
8232
8233
8234
8235
8236
8237
8238
8239
8240
8241
8242
8243
8244
8245
8246
8247
8248
8249
8267
8268
8269
8276
8277
8278
8290
8291
8295
8296
8297
8299
8300
8341
8342
8345
8347
8348
8350
8351
8357
8385
8388
8408
8428
8432
8440
8442
8445
8451
8455
8468
8470
8484
8486
8488
8494
8496
8504
8539
8541
8542
8543
8544
8545
8546
8547
8548
8549
8550
8551
8552
8553
8554
8555
8556
8557
8558
8559
8560
8562
8563
8564
8565
8566
8567
8568
8569
8570
8572
8574
8578
8602
8618
8619
8620
8621
8622
8623
8631
8636
8639
8652
8665
8698
8704
8721
8724
8725
8749
8753
8754
8783
8784
8785
8786
8791
8792
8795
8796
8800
8801
8808
8823
8830
8831
8835
8836
8843
8856
8857
8859
8949
8950
8955
8958
8959
8960
8961 google
8978
8985
8992
9001
9009
9016
9027
9029
9034
9040
9041
9043
9044
9045
9049
9050
9055
9056
9057
9063
9064
9073
9076
9083
9086
9099
9112
9113
9117
9123
9127
9129
9156
9164
9209
9213
9215
9231
9236
9252
9273
9276
9287
9291
9335
9337
9338
9340
9341
9342
9343
9344
9345
9346
9348
9349
9350
9352
9353
9354
9355
9356
9357
9361
9362
9364
9365
9366
9368
9369
9370
9371
9372
9373
9374
9375
9376
9377
9378
9379
9380
9381
9382
9383
9385
9386
9387
9397
9398
9400
9408
9412
9433
9434
9451
9453
9454
9455
9465
9474
9489
9492
9516
9518
9535
9543
9544
9553
9554
9555
9556
9560
9561
9562
9563
9570
9581
9592
9642
9652
9655
9660
9661
9667
9681
9696
9699
9720
9724
9727
9741
9765
9766
9767
9768
9769
9770
9771
9772
9773
9774
9778
9779
9780
9785
9787
9788
9790
9791
9799
9800
9806
9815
9829
9832 google
9854
9856
9858
9873
9875
9876
9877
9878
9879
9880
9881
9882
9883
9884
9885
9886
9887
9888
9889
9890
9891
9905
9908
9910
9923
9932
9940
9970
9974
9975
9977
9980
9981
9982
9984
9985
9990
9993
9998
9999
10000
10001
10007
10018
10021
10022
10024
10027
10033
10035
10037
10039
10043
10046
10047
10050
10051
10052
10062
10066
10067
10068
10070
10077
10078
10082
10086
10088
10090
10092
10093
10094
10096
10097
10098
10100
10102
10103
10104
10105
10106
10107
10108
10110
10111
10112
10113
10114
10115
10116
10117
10118
10119
10120
10121
10122
10123
10124
10125
10126
10127
10128
10129
10130
10131
10132
10133
10134
10135
10136
10138
10140
10141
10142
10143
10144
10145
10146
10147
10148
10149
10152
10153
10154
10155
10156
10157
10158
10159
10160
10161
10162
10164
10165
10166
10167
10168
10170
10174
10176
10177
10178
10179
10180
10181
10182
10183
10184
10185
10186
10187
10188
10189
10190
10191
10193
10194
10195
10197
10198
10199
10200
10201
10203
10204
10205
10206
10207
10208
10209
10211
10212
10213
10214
10215
10216
10217
10218
10219
10220
10221
10222
10223
10224
10225
10226
10227
10229
10230
10231
10232
10233
10234
10235
10236
10237
10238
10239
10240
10241
10242
10243
10244
10245
10246
10247
10249
10250
10251
10252
10253
10254
10255
10256
10257
10258
10259
10260
10261
10262
10264
10267
10270
10274
10277
10278
10279
10283
10288
10295
10307
10316
10327
10331
10332
10333
10334
10339
10340
10342
10343
10345
10346
10347
10349
10350
10353
10354
10356
10358
10361
10365
10366
10368
10370
10371
10372
10375
10376
10377
10379
10381
10382
10383
10384
10385
10386
10387
10391
10393
10394
10395
10396
10397
10398
10399
10401
10402
10403
10404
10406
10410
10411
10412
10413
10415
10418
10424
10439
10475
10503
10528
10532
10535
10540
10543
10555
10557
10570
10571
10572
10573
10582
10583
10584
10585
10587
10588
10589
10590
10593
10594
10595
10596
10598
10599
10600
10601
10602
10603
10604
10605
10606
10607
10608
10609
10610
10611
10612
10613
10614
10615
10616
10617
10618
10619
10620
10621
10622
10623
10624
10625
10626
10627
10628
10629
10630
10631
10632
10633
10634
10637
10638
10639
10640
10641
10642
10644
10645
10646
10647
10648
10649
10650
10651
10652
10653
10654
10655
10656
10658
10659
10661
10662
10663
10664
10665
10666
10667
10668
10669
10670
10671
10672
10673
10674
10675
10676
10677
10679
10680
10681
10682
10683
10684
10685
10686
10687
10688
10689
10690
10691
10692
10694
10695
10696
10697
10698
10699
10700
10701
10702
10703
10704
10706
10707
10708
10710
10711
10713
10715
10720
10722
10723
10724
10726
10727
10728
10729
10730
10734
10735
10736
10737
10739
10742
10743
10744
10745
10746
10747
10748
10749
10750
10751
10752
10754
10755
10756
10757
10758
10759
10760
10761
10762
10763
10764
10765
10766
10768
10769
10776
10777
10779
10780
10781
10784
10785
10786
10788
10789
10791
10792
10793
10794
10796
10799
10801
10802
10803
10808
10810
10811
10813
10816
10819
10821
10827
10832
10833
10838
10845
10849
10852
10853
10857
10858
10859
10860
10862
10864
10865
10866
10868
10869
10871
10872
10873
10874
10875
10876
10877
10878
10879
10880
10881
10882
10883
10884
10885
10886
10887
10889
10890
10891
10892
10893
10894
10896
10897
10898
10900
10901
10902
10903
10904
10905
10906
10907
10908
10909
10910
10911
10912
10914
10916
10917
10918
10919
10920
10921
10922
10923
10924
10925
10926
10927
10928
10929
10930
10931
10932
10933
10934
10935
10936
10937
10938
10939
10942
10943
10944
10945
10946
10947
10948
10949
10950
10951
10952
10953
10954
10956
10957
10958
10959
10960
10961
10962
10963
10964
10965
10966
10968
10969
10971
10972
10981
10982
10983
10984
10985
10986
10989
10990
10992
10993
10995
10996
10997
10999
11001
11004
11005
11006
11010
11011
11019
11041
11042
11044
11054
11059
11062
11075
11088
11098
11119
11120
11121
11122
11123
11124
11125
11126
11143
11145
11149
11151
11153
11154
11158
11172
11173
11177
11178
11179
11180
11185
11186
11187
11188
11192
11199
11205
11207
11209
11226
11227
11244
11254
11257
11282
11284
11294
11310
11316
11317
11318
11319
11321
11322
11324
11327
11333
11336
11337
11343
11366
11393
11394
11405
11419
11422
11433
11434
11440
11443
11446
11447
11448
11450
11451
11455
11456
11463
11465
11466
11467
11512
11514
11521
11522
11526
11527
11534
11535
11557 google
11607
11609
11628
11632
11633
11635
11636
11637
11638
11639
11640
11641
11642
11643
11644
11645
11646
11647
11655
11656
11657
11658
11659
11660
11661
11662
11663
11686
11689
11730
11736
11750
11752
11753
11754
11755
11756
11759
11760
11763
11765
11766
11768
11772
11776
11777
11778
11779
11784
11792
11794
11806
11822
11844
11893
11894
11895
11911
11915
11917
11920
11926
11927
11934
11966
11973
11975
11980
11981
11988
11989
11994
11995
12000
12011
12033
12047
12048
12058
12059
12060
12070
12086
12095
12101
12104
12105
12107
12110
12111
12114
12115
12136
12139
12141
12144
12148
12149
12150
12164
12166
12195 google
12211
12220
12241
12242
12257
12259
12264
12265
12266
12267
12268
12269
12270
12272
12274
12275
12277
12278
12280
12281
12284
12287
12290
12291
12293
12294
12298
12299
12300
12301
12306
12307
12308
12321
12328
12333
12335
12336
12341
12353
12361
12367
12386
12398
12400
12405
12407
12408
12409
12410
12411
12415
12418
12422
12423
12425
12426
12427
12428
12429
12430
12431
12432
12434
12435
12436
12437
12439
12440
12441
12442
12443
12444
12467
12472
12474
12476
12487
12499
12501
12514
12515
12529
12564
12575
12576
12580
12592
12595
12631
12637
12640
12641
12642
12643
12644
12652
12653
12658
12663
12664
12673
12676
12680
12687
12690
12695
12696
12698
12702
12703
12705
12706
12707
12708
12709
12710
12711
12712
12713
12714
12722
12723
12724
12725
12726
12727
12730
12736
12742
12744
12746
12747
12754
12757
12761
12769
12773
12777
12778
12779
12780
12781
12782
12783
12784
12785
12786
12787
12788
12789
12790
12791
12792
12793
12794
12795
12796
12798
12805
12812
12813
12814
12817
12832 google
12843
12845
12846
12852
12862
12865
12872
12874
12875
12887
12889
12891
12894
12897
12898
12900
12901
12904
12909
12911
12912
12915
12934
12937
12938
12939
12940
12943
12947
12948
12949
12955
12956
12962
12964
12965
12969 google
12970
12971
12974
12975
12976
13001
13024
13025
13031
13042
13043
13053
13054
13058
13059
13060
13061
13062
13063
13064
13065
13066
13067
13068
13072
13075
13080
13081
13082
13083
13084
13085
13086
13087
13088
13089
13090
13091
13093
13097
13098
13125
13126
13140
13155
13157
13160
13175
13179
13184
13188
13208
13210
13211
13212
13213
13215
13216
13228
13229
13230
13231
13234
13236
13237
13238
13239
13241
13255
13259
13260
13261
13269
13275
13276
13277
13308
13322
13333
13336
13337
13345
13348
13351
13353
13368
13369
13370
13372
13376
13378
13379
13401
13415
13454
13457
13458
13459
13462
13463
13464
13465
13466
13468
13470
13471
13472
13473
13474
13478
13479
13480
13481
13483
13484
13485
13486
13487
13488
13489
13490
13491
13494
13495
13498
13499
13500
13503
13504
13505
13507
13522
13538
13541
13546
13554
13560
13563
13564
13565
13576
13577
13580
13581
13586
13587
13590
13591
13592
13593
13596
13597
13601
13602
13604
13605
13612
13620
13626
13630
13632
13638
13644
13646
13647
13649
13656
13664
13675
13676
13677
13678
13679
13680
13681
13697
13698
13739
13740
13744
13755
13756
13757
13758
13759
13760
13764
13771
13772
13785
13786
13787
13799
13801
13803
13805
13807
13810
13812
13820
13839
13872
13873
13874
13890
13903
13908
13920
13942
13948
13957
13959
13960
13962
13968
13970
13972
13983
13991
13998
14000
14009
14010
14018
14033
14036
14039
14040
14041
14056
14057
14072
14083
14098
14099
14116
14134
14147
14149
14152
14153
14154
14156
14173
14179
14180
14181
14182
14183
14184
14185
14186
14194
14195
14206
14208
14216
14217
14218
14219
14220
14221
14224
14225
14226
14228
14234
14235
14239
14245
14248
14249
14253
14255
14257
14260
14274
14276
14280
14283
14288
14304
14311
14314
14315
14318
14333
14337
14351
14352
14354
14355
14356
14357
14360
14361
14371
14373
14376
14379
14380
14381
14383
14384
14385
14386
14387
14388
14389
14390
14391
14392
14393
14394
14395
14396
14397
14398
14399
14400
14401
14402
14403
14404
14405
14406
14407
14408
14409
14410
14411
14412
14413
14414
14415
14416
14417
14418
14419
14420
14421
14427
14434
14435
14436
14437
14438
14439
14441
14442
14443
14447
14454
14459
14480
14481
14482
14483
14489
14490
14506
14519
14521
14524
14530
14537
14546
14552
14555
14558
14563
14569
14570
14571
14572
14573
14574
14575
14577
14578
14581
14590
14595
14596
14597
14598
14599
14600
14601
14605
14607
14609
14614
14615
14617
14618
14619
14621
14623
14624
14625
14626
14627
14628
14629
14630
14631
14632
14633
14634
14644
14646
14648
14649
14665
14666
14677
14685
14711
14716
14740
14746
14747
14762
14763
14766
14767
14769
14770
14779
14782
14785
14790
14791
14792
14796
14800
14801
14802
14803
14804
14805
14806
14807
14810
14812
14817
14818
14819
14820
14821
14822
14823
14829
14831
14832
14833
14834
14836
14837
14838
14841
14842
14843
14844
14847
14848
14853
14854
14855
14856
14858
14859
14865
14868
14874
14879
14888
14891
14893
14903
14935
14938
14956
14957
14958
14961
14965
14971
14974
14977
14988
14995
14996
14997
15015
15016
15017
15018
15019
15020
15021
15022
15024
15026
15035
15036
15041
15042
15043
15044
15046
15049
15051
15058
15075
15077
15080
15081
15082
15083
15088
15089
15090
15092
15093
15094
15106
15108
15109
15110
15113
15123
15125
15126
15127
15132
15133
15140
15141
15142
15149
15150
15170
15174
15191
15195
15196
15199
15200
15207
15210
15211
15212
15214
15218
15219
15220
15221
15222
15225
15230
15233
15236
15239
15240
15241
15246
15249
15268
15278
15291
15294
15318
15321
15333
15363
15365
15366
15367
15368
15369
15371
15378
15385
15387
15390
15392
15393
15394
15396
15397
15398
15399
15400
15401
15402
15403
15418
15423
15432
15443
15449
15461
15469
15475
15476
15478
15486
15487
15488
15501
15525
15526
15537
15546
15548
15549
15551
15552
15553
15554
15555
15556
15557
15560
15563
15566
15569
15570
15571
15572
15573
15595
15601
15602
15605
15606
15609
15610
15614
15616
15619
15620
15621
15622
15623
15624
15651
15673
15674
15694
15699
15700
15702
15704
15708
15724
15726
15729
15733
15734
15736
15754
15757
15772
15773
15779
15780
15781
15783
15784
15785
15786
15787
15794
15800
15801
15829
15832
15861
15864
15865
15866
15879
15880
15881
15891 google
15895
15896
15899
15908
15911
15915
15921
15922
15933
15948
15949
15950
15952
15953
15954
15957
15958
15960
15970
15972
15973
15974
15975
15976
15979
15980
15982
15987
15995
15997
15998
15999
16000
16001
16003
16006
16010
16011
16017
16021
16022
16027
16029
16040
16043
16052
16067
16068
16069
16070
16071
16072
16073
16074
16075
16076
16079
16080
16083
16084
16086
16087
16090
16091
16094
16096
16098
16099
16100
16101
16102
16104
16106
16107
16108
16109
16112
16113
16114
16115
16116
16118
16127
16128
16139
16140
16141
16142
16143
16146
16147
16148
16149
16155
16156
16158
16190
16193
16194
16202
16208
16212
16213
16219
16220
16221
16222
16223
16224
16228
16230
16231
16232
16233
16234
16235
16236
16237
16238
16239
16240
16241
16242
16243
16244
16245
16246
16247
16248
16249
16250
16251
16252
16253
16254
16255
16256
16257
16260
16262
16263
16264
16265
16266
16267
16268
16269
16270
16271
16272
16274
16276
16281
16282
16284
16285
16286
16287
16288
16289
16290
16291
16292
16293
16294
16295
16296
16297
16298
16299
16300
16320
16321
16323
16325
16326
16327
16328
16329
16330
16331
16335
16340
16344
16345
16347
16348
16364
16365
16366
16367
16368
16369
16370
16371
16372
16373
16374
16375
16376
16377
16382
16383
16388
16389
16391
16398
16399
16401
16402
16410
16412
16414
16415
16416
16417
16418
16419
16420
16421
16422
16423
16432
16433
16451
16452
16453
16454
16455
16464
16469
16470
16474
16479
16480
16481
16483
16484
16488
16489
16492
16493
16496
16498
16504
16506
16507
16508
16509
16510
16511
16512
16513
16514
16515
16516
16523
16529
16535
16536
16537
16541
16544
16545
16546
16547
16548
16549
16550
16551
16552
16553
16554
16555
16556
16557
16568
16569
16575
16576
16577
16578
16579
16582
16591
16593
16594
16599
16600
16601
16603
16604
16607
16608
16611
16630
16631
16632
16633
16634
16635
16640
16644
16646
16647
16649
16657
16658
16660
16662
16664
16669
16674
16675
16676
16684
16694
16698
16708
16726
16729
16730
16731
16754
16755
16756
16757
16758
16759
16760
16761
16762
16763
16764
16765
16766
16767
16768
16769
16770
16772
16773
16774
16775
16777
16778
16779
16780
16786
16790
16793
16794
16795
16796
16805
16811
16820
16825
16830
16834
16836
16837
16838
16843
16844
16848
16849
16851
16853
16854
16855
16863
16865
16866
16867
16868
16869
16870
16871
16872
16873
16874
16875
16876
16877
16878
16879
16880
16881
16882
16883
16887
16888
16890
16891
16894
16895
16899
16900
16901
16902
16909
16910
16911
16916
16917
16919
16921
16922
16923
16925
16926
16927
16928
16929
16933
16935
16941
16942
16943
16944
16945
16946
16947
16948
16949
16950
16951
16953
16954
16955
16956
16957
16960
16964
16966
16967
16968
16969
16974
16977
16979
16980
16981
16983
16985
16989
16990
16992
16994
16995
16999
17000
17001
17008
17011
17015
17022
17024
17025
17026
17027
17028
17031
17035
17039
17042
17043
17044
17045
17046
17047
17048
17049
17050
17051
17052
17053
17054
17055
17056
17057
17058
17059
17061
17062
17066
17086
17087
17088
17096
17098
17101
17102
17103
17109
17110
17112
17115
17117
17127
17129
17147
17151
17152
17173
17175
17177
17178
17179
17180
17181
17182
17183
17184
17185
17186
17187
17198
17205
17208
17213
17214
17215
17225
17227
17230
17236
17242
17245
17246
17247
17248
17249
17251
17265
17266
17267
17268
17269
17270
17271
17272
17280
17281
17283
17284
17292
17317
17333
17334
17335
17336
17337
17338
17339
17340
17341
17342
17345
17346
17347
17348
17349
17351
17364
17365
17368
17369
17370
17377
17393
17394
17397
17400
17403
17405
17406
17407
17408
17409
17414
17415
17418
17421
17422
17423
17424
17435
17436
17438
17446
17454
17455
17462
17463
17465
17473
17478
17485
17490
17491
17492
17493
17494
17497
17498
17499
17505
17506
17507
17508
17509
17510
17511
17512
17513
17514
17515
17516
17517
17518
17519
17524
17539
17553
17557
17560
17562
17575
17579
17581
17585
17586
17587
17593
17594
17600
17606
17610
17636
17643
17645
17648
17651
17652
17653
17654
17657
17658
17659
17660
17661
17662
17666
17667
17673
17674
17675
17676
17682
17683
17684
17685
17688
17692
17693
17694
17703
17704
17705
17706
17707
17708
17709
17711
17712
17735
17736
17737
17738
17740
17745
17746
17750
17751
17752
17753
17754
17755
17756
17757
17758
17763
17767
17768
17770
17771
17773
17776
17777
17779
17780
17781
17782
17783
17784
17785
17786
17787
17788
17789
17790
17791
17792
17793
17794
17795
17796
17797
17798
17799
17800
17817
17818
17819
17823
17824
17831
17833
17842
17843
17851
17852
17860
17861
17866
17873
17880
17881
17882
17883
17884
17886
17887
17888
17891
17892
17893
17894
17895
17896
17897
17898
17899
17900
17901
17902
17903
17904
17905
17906
17907
17912
17913
17922
17928
17930
17931
17932
17933
17936
17939
17940
17942
17944
17959
17961
17962
17964
17965
17971
17972
17978
17979
17980
17981
17986
17987
17988
17989
17990
17991
17992
17993
17994
17995
17996
17997
17998
17999
18000
18002
18003
18023
18024
18026
18027
18028
18029
18031
18039
18044
18046
18057
18060
18071
18073
18080
18081
18082
18083
18084
18087
18088
18091
18095
18096
18097
18098
18099
18100
18101
18102
18103
18115
18116
18122
18124
18125
18127
18130
18136
18138
18139
18140
18141
18143
18149
18151
18153
18157
18168
18169
18175
18177
18180
18184
18186
18187
18190
18191
18192
18193
18194
18195
18196
18197
18198
18199
18210
18211
18212
18213
18216
18217
18221
18223
18224
18225
18226
18227
18228
18229
18230
18231
18232
18234
18235
18248
18255
18262
18267
18277
18281
18282
18283
18284
18285
18286
18287
18293
18294
18300
18301
18305
18306
18307
18308
18309
18310
18311
18312
18313
18314
18315
18316
18317
18318
18319
18320
18338
18342
18343
18358
18363
18365
18373
18380
18381
18387
18388
18390
18391
18392
18393
18394
18395
18396
18398
18399
18400
18402
18403
18410
18425
18426
18429
18430
18431
18432
18434
18435
18436
18437
18438
18439
18440
18442
18443
18444
18445
18456
18457
18461
18462
18463
18464
18465
18472
18481
18485
18486
18488
18490
18493
18496
18498
18499
18500
18505
18506
18507
18508
18509
18510
18511
18512
18513
18514
18521
18522
18523
18524
18526
18529
18530
18531
18535
18537
18538
18539
18541
18542
18543
18550
18551
18552
18553
18554
18556
18558
18559
18562
18563
18573
18574
18575
18576
18580
18586
18587
18588
18589
18590
18591
18592
18596
18618
18620
18621
18624
18625
18627
18629
18632
18633
18634
18635
18636
18637
18638
18639
18644
18650
18658
18661
18662
18664
18665
18672
18686
18687
18698
18699
18706
18710
18713
18720
18721
18726
18727
18728
18733
18742
18744
18748
18749
18750
18751
18752
18753
18754
18757
18758
18759
18761
18767
18768
18777
18778
18779
18780
18781
18782
18783
18787
18788
18789
18790
18791
18792
18793
18798
18800
18810
18811
18812
18813
18814
18815
18816
18817
18818
18819
18824
18825
18828
18832
18834
18835
18838
18839
18840
18841
18842
18843
18844
18845
18847
18881
18882
18893
18894
18895
18903
18904
18907
18908
18911
18912
18919
18920
18921
18924
18925
18926
18927
18931
18932
18933
18934
18935
18936
18937
18939
18940
18944
18948
18949
18950
18951
18952
18953
18954
18955
18956
18957
18958
18959
18960
18961
18962
18963
18964
18965
18966
18967
18968
18969
18970
18971
18973
18979
18983
18985
18987
19005
19010
19031
19032
19033
19034
19047
19051
19069
19070
19071
19072
19073
19074
19075
19076
19077
19078
19079
19080
19112
19113
19125
19129
19130
19150
19198
19202
19206
19210
19215
19223
19224
19225
19226
19227
19228
19229
19232
19233
19235
19244
19245
19251
19253
19254
19256
19257
19273
19274
19283
19284
19286
19287
19291
19292
19296
19297
19299
19300
19301
19303
19307
19308
19314
19315
19318
19321
19322
19324
19328
19329
19331
19332
19333
19334
19335
19338
19339
19340
19342
19343
19344
19345
19346
19347
19348
19350
19351
19352
19353
19354
19356
19357
19359
19363
19364
19366
19371
19372
19373
19375
19376
19377
19378
19383
19384
19385
19386
19387
19388
19389
19390
19391
19392
19393
19394
19395
19396
19397
19398
19399
19400
19401
19402
19403
19404
19405
19406
19407
19408
19409
19410
19411
19412
19413
19414
19417
19436
19438
19439
19440
19441
19445
19447
19448
19451
19467
19468
19481
19482
19485
19486
19487
19488
19489
19490
19491
19492
19493
19495
19508
19512
19527
19533
19541
19544
19545
19546
19550
19551
19556
19557
19558
19559
19560
19570
19571
19573
19587
19589
19595
19616
19619
19629
19632
19634
19635
19673
19675
19676
19677
19678
19679
19682
19683
19693
19695
19696
19697
19698
19699
19715
19722
19724
19725
19726
19732
19736
19746
19747
19768
19769
19770
19771
19772
19773
19774
19775
19776
19778
19779
19782
19791
19792
19793
19800
19804
19805
19807
19818
19821
19822
19823
19833
19836
19837
19840
19846
19849
19852
19857
19858
19863
19864
19867
19868
19870
19871
19873
19874
19875
19879
19880
19882
19883
19886
19887
19888
19890
19898
19903
19907
19910
19912
19922
19923
19924
19925
19930
19931
19932
19933
19934
19941
19945
19947
19954
19955
19973
19974
19976
19982
19998
19999
20001
20002
20014
20015
20018
20019
20032
20033
20034
20035
20037
20038
20039
20040
20041
20042
20043
20044
20045
20049
20050
20051
20052
20056
20065
20066
20067
20068
20069
20071
20072
20073
20074
20075
20076
20078
20079
20081
20085
20092
20098
20103
20104
20105
20106
20107
20117
20118
20125
20131
20132
20135
20136
20150
20154
20155
20160
20167
20168
20173
20183
20184
20187
20192
20193
20195
20196
20197
20198
20199
20200
20201
20202
20203
20204
20211
20212
20213
20214
20215
20216
20217
20218
20219
20220
20221
20222
20223
20224
20225
20227
20228
20229
20230
20231
20232
20233
20234
20235
20237
20240
20248
20250
20251
20252
20256
20257
20261
20269
20273
20274
20275
20276
20277
20278
20283
20284
20286
20287
20288
20289
20295
20308
20313
20324
20325
20326
20327
20332
20333
20336
20337
20338
20339
20340
20341
20342
20343
20344
20345
20347
20348
20357
20358
20359
20366
20367
20368
20371
20373
20374
20375
20376
20385
20398
20404
20423
20425
20426
20427
20428
20442
20448
20455
20462
20464
20471
20472
20473
20474
20476
20477
20479
20480
20481
20482
20492
20493
20498
20499
20500
20511
20517
20520
20521
20526
20529
20530
20535
20550
20551
20552
20553
20554
20555
20556
20557
20558
20571
20575
20577
20580
20582
20583
20584
20585
20607
20608
20609
20610
20611
20612
20614
20615
20616
20626
20627
20628
20629
20630
20633
20634
20636
20638
20639
20651
20654
20657
20660
20670
20671
20675
20676
20677
20678
20679
20680
20681
20683
20685
20689
20693
20696
20728
20729
20730
20731
20733
20735
20736
20737
20738
20739
20740
20741
20742
20743
20746
20748
20749
20750
20751
20754
20755
20756
20757
20760
20762
20773
20774
20775
20782
20788
20795
20798
20803
20804
20805
20806
20807
20808
20809
20810
20811
20814
20816
20824
20830
20831
20834
20836
20837
20840
20842
20843
20844
20845
20846
20847
20848
20849
20850
20851
20852
20856
20857
20860
20866
20885
20889
20890
20906
20909
20910
20914
20915
20919
20920
20921
20922
20923
20924
20925
20926
20928
20929
20930
20932
20933
20934
20935
20936
20937
20938
20939
20940
20942
20943
20944
20945
20946
20947
20948
20949
20950
20951
20953
20954
20956
20957
20958
20959
20960
20963
20964
20966
20967
20969
20971
20979
20986
20989
20990
20998
21000
21006
21010
21015
21020
21024
21027
21029
21031
21032
21034
21037
21039
21040
21041
21045
21046
21047
21048
21051
21055
21056
21057
21058
21059
21060
21061
21062
21063
21064
21065
21066
21067
21068
21069
21070
21071
21072
21073
21074
21075
21076
21077
21078
21094
21101
21102
21105
21106
21118
21119
21120
21122
21125
21126
21128
21131
21132
21133
21134
21135
21136
21137
21138
21139
21141
21142
21143
21144
21145
21146
21147
21148
21149
21150
21151
21152
21153
21154
21155
21156
21157
21164
21165
21170
21171
21172
21173
21174
21175
21176
21177
21181
21182
21192
21193
21199
21200
21201
21202
21204
21205
21206
21207
21208
21209
21210
21211
21212
21216
21221
21222
21225
21226
21236
21240
21241
21244
21247
21248
21249
21250
21251
21252
21253
21254
21255
21256
21257
21258
21259
21260
21261
21262
21263
21264
21265
21271
21273
21287
21292
21294
21295
21296
21317
21318
21320
21321
21322
21334
21348
21350
21364
21389
21391
21398
21402
21413
21414
21417
21423
21428
21432
21436
21438
21441
21452
21453
21454
21456
21457
21458
21459
21460
21465
21469
21472
21473
21480
21490
21500
21501
21502
21503
21504
21505
21507
21509
21511
21512
21513
21515
21516
21517
21518
21521
21527
21528
21529
21530
21534
21535
21536
21537
21538
21539
21540
21541
21542
21543
21544
21545
21546
21547
21548
21549
21550
21551
21553
21554
21561
21563
21570
21572
21574
21575
21576
21577
21578
21583
21594
21595
21611
21612
21621
21622
21623
21624
21631
21649
21667
21683
21685
21686
21687
21697
21698
21699
21700
21701
21702
21703
21704
21705
21706
21707
21708
21730
21735
21736
21738
21743
21744
21745
21746
21753
21754
21762
21763
21765
21766
21767
21769
21782
21783
21784
21788
21792
21801
21811
21812
21813
21814
21815
21816
21817
21818
21819
21820
21821
21822
21823
21824
21825
21826
21827
21828
21829
21830
21833
21834
21835
21838
21843
21844
21845
21846
21847
21848
21849
21850
21851
21852
21854
21855
21856
21860
21862
21868
21870
21871
21872
21873
21874
21875
21876
21877
21878
21879
21887
21889
21891
21892
21893
21894
21895
21896
21897
21899
21904
21908
21909
21932
21936
21957
22014
22074
22075
22089
22092
22093
22095
22096
22099
22107
22108
22109
22112
22113
22114
22117
22118
22119
22120
22121
22122
22123
22125
22126
22127
22129
22135
22139 developers.popbill.com
22140 developers.popbill.com
22141 developers.popbill.com
22142 developers.popbill.com
22143 developers.popbill.com
22144
22145
22146
22152
22159
22162
22163
22168
22169
22172
22175
22176
22180
22183
22187
22188
22189
22190
22191
22192
22193
22199
22210
22230
22240
22252
22253
22260
22262
22264
22265
22267
22270
22271
22272
22278
22297
22299
22334
22371
22379
22381
22390
22424
22427
22429
22431
22432
22433
22434
22444
22445
22460
22461
22466
22483
22488
22494
22495
22497
22510
22514
22516
22520
22529
22548
22560
22561
22577
22578
22579
22580
22581
22596
22600
22609
22616
22619
22620
22624
22626
22633
22647
22659
22661
22667
22685
22697
22698
22704
22707
22708
22740
22748
22749
22765
22775
22802
22808
22831
22844
22845
22848
22849
22856
22857
22864
22867
22868
22875
22876
22911
22914
22923
22924
22929
22930 google
22931
22932
22933
22934
22935
22936
22942
22965
22979
22982
22983
23004
23013
23034
23040
23094
23095
23101
23108
23110
23111
23116
23124
23125
23129
23137
23140
23141
23142
23143
23144
23145
23146
23147
23148
23149
23150
23151
23152
23153
23154
23155
23156
23157
23158
23159
23160
23161
23162
23163
23164
23165
23166
23167
23168
23169
23170
23171
23172
23173
23174
23175
23176
23177
23178
23179
23180
23181
23182
23183
23184
23185
23186
23187
23188
23189
23212
23213
23214
23215
23243
23254
23255
23257
23258
23259
23261
23264
23288
23301
23312
23318
23320
23321
23328
23329
23336
23342
23350
23354
23355
23366
23373
23381
23385
23391
23397
23403
23442
23449
23454
23455
23456
23494
23505
23518
23535
23543
23557
23569
23570
23576
23579
23640
23641
23653
23690
23760
23762
23767
23782
23786
23794
23797
23798
23799
23800
23811
23814
23818
23837
23865
23867
23868
23881
23882
23914
23916
23918
23920
23943
23966
23967
24047
24048
24082
24104
24105
24112
24120
24121
24131
24144
24148
24149
24150
24158
24159
24171
24175
24179
24180
24185
24213
24218
24220
24225
24229
24230
24231
24232
24233
24234
24240
24241
24242
24243
24244
24245
24246
24247
24248
24249
24250
24251
24252
24253
24254
24255
24256
24257
24258
24264
24274
24275
24276
24277
24278
24279
24280
24281
24282
24283
24284
24285
24286
24287
24288
24289
24290
24291
24292
24293
24296
24297
24312
24314
24315
24316
24317 google
24318
24319
24361
24369
24376
24377
24378 google
24379 google
24382
24423
24426
24427
24440
24457
24463
24479
24480
24485
24486
24497
24501
24506
24507
24514
24519
24528
24529
24530
24534
24536
24544
24556
24557
24558
24559
24560
24562
24563
24565
24567
24575
24578
24579
24580
24591
24600
24601
24607
24611
24612
24614
24615
24623
24624
24625
24642
24643
24644
24654
24655
24658
24670
24679
24680
24681
24684
24702
24711
24714
24715
24724
24727
24729
24731
24739
24746
24747
24753
24755
24756
24759
24761
24762
24763
24788
24789
24790
24794
24795
24796
24802
24810
24811
24812
24813
24814
24815
24818
24826
24834
24839
24849
24854
24859
24860
24861
24862
24863
24864
24865
24866
24867
24868
24869
24873
24887
24888
24889
24890
24891
24897
24898
24899
24900
24901
24902
24904
24905
24919
24920
24930
24931
24932
24933
24934
24935
24937
24938
24939
24940
24941
24942
24943
24944
24946
24951
24958
24963
24973
24974
24975
24976
24984
24985
24986
24987
24988
24991
24993
24995
24996
25011
25013
25019
25041
25060
25062
25067
25077
25078
25079
25083
25086
25087
25092
25098
25101
25104
25109
25114
25115
25126
25127
25139
25140
25141
25142
25149
25162
25163
25175
25179
25180
25182
25184
25185
25209
25217
25218
25226
25251
25301
25313
25317
25318
25322
25325
25326
25384
25390
25391
25393
25394
25399
25431
25433
25434
25456
25461
25479
25497
25508
25509
25510
25511
25534
25535
25558
25559
25570
25578
25581
25584
25585
25601
25602
25619
25628
25658
25659
25660
25661
25662
25663
25677
25682
25683
25690
25692
25693
25695
25697
25709
25710
25711
25712
25713
25723
25724
25733
25736
25739
25742
25743
25744
25745
25761
25765
25771
25772
25774 google
25787
25788
25796
25797
25798
25800
25807
25814
25818
25819
25824
25828
25842
25850
25852
25874
25880
25881
25882
25883
25898
25904
25912
25913
25923
25924
25938
25939
25941
25953
25954
25955
25956
25967
25968
25975
25976
25986
25988
25992
25994
26003
26007
26009
26012
26013
26014
26022
26023
26029
26032
26036
26037
26049
26065
26066
26068
26073
26075
26076
26077
26081
26082
26083
26084
26087
26105
26106
26108
26109
26110
26116
26122
26125
26126
26127
26128
26129
26130
26149
26150
26152
26153
26154
26155
26157
26159
26160
26179
26189
26191
26203
26211
26214
26233
26234
26237
26260
26264
26265
26267
26285
26288
26301
26302
26304
26305
26307
26312
26314
26319
26327
26340
26341
26364
26373
26378
26381
26390
26405
26416
26419
26421
26424
26440
26444
26457
26458
26461
26474
26475
26482
