32
59
65
83
150
210
248
343
831
910
968
1003
1044
1084
1216
1277
1313
1394
1444
1480
1501
1527
1534
1650
1651
1658
1690
1701
1801
1805
1843
1919
2027
2111
2251
2339
2395
2404
2537
2607
2704
2781
2881
2908
2952
2961
2976
3014
3089
3118
3212
3453
3573
3604
3631
3670
3731
3754
3832
3835
3856
3886
4012
4139
4149
4156
4315
4491
4512
4572
4578
4750
4777
4890
4934
4966
4982
4987
4992
5125
5128
5133
5184
5237
5276
5352
5463
5487
5583
5665
5748
5936
5949
5978
6020
6025
6035
6196
6230
6537
6615
6638
6775
6856
6865
7098
7152
7248
7254
7355
7566
7573
7587
7743
7752
8001
8063
8308
8386
8478
8536
8588
8674
8744
8749
8818
8833
8951
9010
9055
9151
9293
9366
9535
9544
9635
9676
9847
9867
9871
9888
9905
9987
10192
10248
10274
10310
10323
10577
10604
10605
10630
10658
10739
10779
10781
10808
10868
10895
10916
10967
10974
11091
11118
11228
11344
11386
11494
11508
11583
11736
11807
11831
11870
11880
11923
11950
11975
12132
12206
12228
12418
12615
12698
12757
12826
12938
13064
13066
13099
13215
13256
13313
13338
13343
13401
13415
13436
13444
13454
13458
13462
13606
13874
14013
14050
14134
14156
14174
14187
14209
14235
14311
14333
14349
14371
14379
14434
14537
14544
14576
14593
14611
14686
14698
14740
14756
14791
14811
14832
14838
14878
14937
15145
15158
15283
15311
15321
15326
15382
15400
15512
15656
15700
16021
16101
16139
16165
16200
16232
16714
16726
16787
16838
16958
17000
17177
17273
17300
17394
17451
17600
17609
17610
17636
17800
17834
17892
17912
17933
18020
18044
18054
18116
18121
18208
18301
18356
18374
18436
18528
18539
18559
18580
18586
18691
18787
18865
18998
19063
19142
19146
19187
19411
19562
19618
19764
19849
19995
20007
20029
20132
20237
20257
20284
20286
20401
20598
20618
20692
20802
20816
20941
21072
21101
21132
21168
21231
21308
21350
21355
21399
21700
21716
21936
22053
22230
22253
22265
22269
22374
22401
22658
22667
22671
22765
22791
22794
22804
22814
22830
22885
22915
23040
23213
23247
23251
23279
23345
23352
23429
23449
23487
23497
23554
23579
23794
23814
23837
23845
23849
23961
24088
24218
24270
24488
24501
24570
24602
24744
24860
24868
24946
24951
25018
25060
25061
25098
25251
25307
25321
25390
25466
25493
25510
25511
25514
25517
25562
25669
25682
25786
25967
25988
26007
26010
26111
26264
26549
26600
26637
26685
26687
26748
26791
26811
26891
26898
27012
27049
27067
27192
27223
27286
27297
27298
27326
27339
27458
27473
27645
27656
27693
27831
27874
27906
27949
27960
28033
28046
28087
28139
28149
28151
28204
28279
28349
28460
28493
28600
28631
28693
28718
28731
28822
28824
28869
28925
29000
29015
29145
29193
29211
29214
29252
29420
29560
